1455210114101569792 10.9908361526622098 -9.3958555782469606 4.7108120537645712 0.0007468176808500 0.7254635235774719 0.6882336915467656 0.0060418574811508
1455210114302953984 10.9902244945093344 -9.3951146055417372 4.7109890058503510 0.0006069236108498 0.7253262966551604 0.6883805788524701 0.0057942801951484
1455210114504337152 10.9900153097023505 -9.3950319005164982 4.7114642100292574 0.0017868662564996 0.7260369840979217 0.6876241707157313 0.0063328254734985
1455210114709235712 10.9889645839220282 -9.3942440762676096 4.7110247912739425 0.0028496228912006 0.7266244358897799 0.6870152224255701 0.0043466047418009
1455210114974198016 10.9891205730450743 -9.3929863463550216 4.7110880160976576 0.0043642123118511 0.7259732047356431 0.6877035454767330 0.0027736610261507
1455210115175565568 10.9898901001196503 -9.3929617096115710 4.7130694672476920 0.0058610422319473 0.7255424437629396 0.6881400329564551 0.0041358826320480
1455210115376939520 10.9905991097460518 -9.3920802592579893 4.7137606535090386 0.0066076342745017 0.7241473765597971 0.6895972336995877 0.0047509435625012
1455210115578255104 10.9916606335955542 -9.3909860161041880 4.7146895411037999 0.0062255470722488 0.7224807765482143 0.6913431187345200 0.0052404446727490
1455210115779622400 10.9920198678801455 -9.3906219835701599 4.7151453166319426 0.0056573438549512 0.7217464361082230 0.6921078188921161 0.0060698808870513
1455210115981394432 10.9921646596960354 -9.3900788822586811 4.7152389833466293 0.0059565094994495 0.7220207892020963 0.6918160753227989 0.0064045202415495
1455210116182382336 10.9918743157142824 -9.3906819789876579 4.7144367419661979 0.0056004492130512 0.7220724889020177 0.6917689159353106 0.0059768457519513
1455210116383863808 10.9909104807062654 -9.3889101264188675 4.7139363498658771 0.0051056321186484 0.7205928257474252 0.6933357577031339 0.0023321861483492
1455210116585130752 10.9900950674588458 -9.3896136502698404 4.7144275251444183 0.0036222279551498 0.7208033990131983 0.6931236524407003 0.0029902947888499
1455210116786471680 10.9896965557310313 -9.3895586720974791 4.7159096549515960 0.0046071290146529 0.7196020448339991 0.6943572382358832 0.0044381462803528
1455210116987865088 10.9905699062784681 -9.3907417278151666 4.7172479929803606 0.0051658748655509 0.7186518362203732 0.6953448972938693 0.0028854534024505
1455210117189267200 10.9890265849779443 -9.3912868459271586 4.7167652559177426 0.0072956112110256 0.7178246835179375 0.6961855315621855 0.0004510353729750
1455210117390583808 10.9878824407393889 -9.3907931118684687 4.7188378862867824 -0.0079331358055281 -0.7185601257187875 -0.6954139405778532 0.0028039852485292
1455210117592018944 10.9875617598374191 -9.3903875863214932 4.7181768503141308 -0.0083772073727058 -0.7185599677435683 -0.6954100210285761 0.0025095429927053
1455210117793355520 10.9871602281514544 -9.3884818713051601 4.7196938312475085 -0.0082694534957403 -0.7176156889848001 -0.6963886490302789 0.0014793794427402
1455210117994694912 10.9848174182286744 -9.3859553556086741 4.7189137334571951 0.0075473854160514 0.7156046542520171 0.6984646030873352 0.0004626232639447
1455210118196083200 10.9839131313845897 -9.3841397727459501 4.7197865706878828 0.0067573555898569 0.7146721343689050 0.6994251892794321 0.0015757866151393
1455210118397444096 10.9827247459695645 -9.3831740895687243 4.7198787249105116 0.0060567126324337 0.7144369052617208 0.6996733361879935 0.0006687747795648
1455210118598875392 10.9813124453931295 -9.3818920606695837 4.7187836469772524 -0.0056470281439923 -0.7151195791592817 -0.6989734774680789 0.0028594356739938
1455210118800189184 10.9799047067912721 -9.3804547842130148 4.7190619886251408 -0.0028362618387003 -0.7177961974084968 -0.6962331745246937 0.0044655678197007
1455210119001561088 10.9787157596702514 -9.3769836030160629 4.7202090585267715 0.0029933294767851 -0.7176904282344309 -0.6963417213636596 0.0044380499792152
1455210119202934528 10.9766988590348387 -9.3717455560111702 4.7223920761047999 0.0096601196545079 -0.7154567752825993 -0.6985824470108045 0.0032938607864960
1455210119404346880 10.9764489002209302 -9.3659102730874455 4.7238419279299375 0.0140244751870461 -0.7168538988900530 -0.6970810846085583 0.0013278640039496
1455210119605763072 10.9753485788947724 -9.3593656485209475 4.7241299264519006 -0.0167356907851372 0.7197217692870581 0.6940517377061247 0.0035604571841354
1455210119807422208 10.9752603259816670 -9.3532404853307565 4.7246923618789527 -0.0196319475113165 0.7225438533590371 0.6909987400290648 0.0081060402313155
1455210120008430336 10.9747921604992804 -9.3473575984166093 4.7263834358619494 -0.0202269046657649 0.7258850133478315 0.6874404415961616 0.0103662424597649
1455210120209802240 10.9735095565502263 -9.3419535563042366 4.7264430455588782 -0.0185567125043093 0.7292356007619571 0.6839371398972235 0.0100536397183141
1455210120411125248 10.9719741022792743 -9.3345167165213283 4.7267151923319659 -0.0178246410758524 0.7311217712450463 0.6819447004891398 0.0097295044478512
1455210120612494336 10.9738175522323314 -9.3262622483725046 4.7285090816824447 -0.0197533159928441 0.7264138823304281 0.6868833075031399 0.0111355259628465
1455210120813884672 10.9805373929476904 -9.3149367158740297 4.7275501971255647 -0.0238041170857095 0.7220644183915291 0.6911354881397334 0.0196996633607086
1455210121015368192 10.9864347766819250 -9.3009001587284192 4.7240927504704811 -0.0258807593913809 0.7251376449280509 0.6876618754064443 0.0250345224443809
1455210121216633856 10.9899783234835322 -9.2818563590626422 4.7217006370900574 -0.0279005716422357 0.7246624311365816 0.6879842093474505 0.0276341580262355
1455210121418007808 10.9936521030953926 -9.2616321859829451 4.7210838482873543 -0.0232316263308764 0.7232586403405071 0.6898070374462726 0.0228797246578764
1455210121619373824 10.9960358373647580 -9.2368483346948391 4.7234392315881628 -0.0122065926228741 0.7214226091214355 0.6921858944629682 0.0167064553828751
1455210121820821760 10.9999612385406440 -9.2096893492664584 4.7265914448534483 -0.0013029669932305 0.7201993011591903 0.6935740040412419 0.0163208395932349
1455210122022095616 11.0086808082529668 -9.1849030237589364 4.7277871265635545 0.0133892114137991 0.7262002776423532 0.6871940084435558 0.0147743199221990
1455210122223493120 11.0137226775683725 -9.1601952063647811 4.7309707762123958 0.0283799724228860 0.7326832528777418 0.6798418696675675 0.0135963364430932
1455210122424840192 11.0180139656480609 -9.1350531859755044 4.7335048015620940 0.0414813569537004 0.7378637897335073 0.6735782689025066 0.0113419790023001
1455210122626341888 11.0234909863599686 -9.1065324799458782 4.7412621458753854 0.0395890927698639 0.7317908630088090 0.6802987844086908 0.0104115552411536
1455210122827607552 11.0268064670108732 -9.0795767505132989 4.7521247510096964 0.0294764455791539 0.7257671536717468 0.6870989468444417 0.0169768976108522
1455210123029024768 11.0267214303545256 -9.0546989776110607 4.7634632530895171 0.0180226376050060 0.7246405628225412 0.6884466262559293 0.0247483745490082
1455210123230369536 11.0283521908833499 -9.0283108473241089 4.7777239246302496 0.0071053871702921 0.7160068811052166 0.6972106981812340 0.0343642550446916
1455210123431689472 11.0274566416549025 -9.0051871201936358 4.7953958193017074 -0.0060052732721997 0.7017261311700561 0.7109538280588552 0.0457058846811971
1455210123633083904 11.0286181002518457 -8.9828489759764523 4.8104677502786588 -0.0191638690510016 0.6885449538919527 0.7225460332881557 0.0588712355270044
1455210123834422272 11.0305198890963894 -8.9583179529038155 4.8251580819061646 -0.0307941575926987 0.6773085067509685 0.7319703566769662 0.0672629428966969
1455210124035879936 11.0314434545760793 -8.9327928280142359 4.8403171384214465 -0.0401781509565907 0.6685076769796442 0.7391813685410278 0.0713730089515832
1455210124237183232 11.0303328086002672 -8.9073135976891908 4.8513773974957770 -0.0502831054160948 0.6580607573530309 0.7475136205028219 0.0751733736400921
1455210124438547200 11.0297428383400860 -8.8802573425857361 4.8656045265972345 -0.0623575344618077 0.6454333727828796 0.7571022641352935 0.0795201913678098
1455210124639908608 11.0309418591043826 -8.8568670681035737 4.8785634080025506 -0.0738999942707258 0.6329185993389216 0.7661170581015682 0.0837704646247293
1455210124841312768 11.0299396526306985 -8.8287981693828641 4.8904954412386665 -0.0864085817252772 0.6149684629933211 0.7788542627397949 0.0879396607902772
1455210125042641152 11.0273672136054461 -8.8021417350816762 4.8997065135622311 -0.0955657873929807 0.6016006046520898 0.7872975297002097 0.0954279439689805
1455210125244062976 11.0254808270357749 -8.7710930054635234 4.9019611494803916 -0.1006245314310721 0.5973223721331318 0.7897439258580350 0.0968773399400716
1455210125445406208 11.0216840696958318 -8.7406695352609614 4.9007852570699617 -0.1110006016459854 0.5913751562667490 0.7927203903975697 0.0977173149069919
1455210125646764288 11.0179733159675521 -8.7082947089234573 4.8985755996666738 -0.1212825596481902 0.5850015955140949 0.7955976104496223 0.1004396147841943
1455210125848168192 11.0132636929344887 -8.6754267576420059 4.8975282946177812 -0.1319051991596342 0.5762470691606988 0.8000770241365014 0.1020641424166298
1455210126049500672 11.0085103942554596 -8.6415310257980362 4.8975118892648624 -0.1417729921296467 0.5664940015385920 0.8051759034612314 0.1033282604556517
1455210126250867968 11.0040933125650664 -8.6074581936917713 4.8983712316138392 -0.1538470510904531 0.5543855882844438 0.8112660825805247 0.1040915348514540
1455210126452222720 10.9992447794965056 -8.5741124650378513 4.8991453664796332 -0.1686470123553507 0.5420995602051796 0.8164226571381984 0.1055476051853795
1455210126653613824 10.9977496470888632 -8.5407855102291972 4.9012119231140634 -0.1795790156135284 0.5347756678805348 0.8186917999924903 0.1072851286025269
1455210126854995200 10.9957950342417519 -8.5064342608063210 4.9031580645411657 -0.1869112948311971 0.5280141766042175 0.8213973691848628 0.1075711813901923
1455210127057227520 10.9945028951567565 -8.4724531049185448 4.9046666606984406 -0.1935960024867126 0.5200782745967248 0.8248631721133265 0.1078884767007091
1455210127257726720 10.9908099807747597 -8.4385497295211014 4.9087566152289526 -0.2029396169841241 0.5113031579882364 0.8280433503332522 0.1082995958370893
1455210127459108096 10.9856058526820686 -8.4051237203327904 4.9131694122901273 -0.2144299013697573 0.4985299762797863 0.8332450621433508 0.1057844344067457
1455210127660476928 10.9801518113099643 -8.3728343808882464 4.9169587715842784 -0.2230692987390134 0.4850528323660879 0.8390469453942888 0.1047094131309797
1455210127861861888 10.9738753786473229 -8.3383684807831280 4.9248977142024302 -0.2329873660501821 0.4718786032071640 0.8436306272597354 0.1064651860731919
1455210128063222272 10.9652576207234667 -8.3057832127050624 4.9310328962003620 -0.2434948994314613 0.4607506959615602 0.8466538307480365 0.1076862154663990
1455210128264593664 10.9627435183979500 -8.2716192479681556 4.9323437236805141 -0.2577739074511058 0.4502440229672224 0.8481869786025631 0.1068259413660145
1455210128465952512 10.9543436969647452 -8.2407939024930883 4.9352680871933750 -0.2722016391982064 0.4414764680761479 0.8486290633674084 0.1040841417362643
1455210128667342848 10.9471407671369114 -8.2073074270884394 4.9384225939637698 -0.2886164211422074 0.4325810519982106 0.8477935411798211 0.1040207019442025
1455210128868661504 10.9410576938173119 -8.1744559972386703 4.9439536997417735 -0.3036395875080781 0.4245336063101035 0.8463852965931615 0.1058590937150371
1455210129070555904 10.9357370399976439 -8.1424605189451729 4.9473237602054736 -0.3150363172327798 0.4162553231997475 0.8463110568948508 0.1060246184138463
1455210129271653376 10.9301614975264343 -8.1099187038416520 4.9527133869187212 -0.3264772495927553 0.4076382623547343 0.8462054513789402 0.1057354558288125
1455210129472821248 10.9237551636065202 -8.0789567001548139 4.9592223751982258 -0.3350212083175110 0.3997833636435240 0.8466554229237224 0.1053975662204657
1455210129674174720 10.9186962940124417 -8.0483393604241762 4.9654567963044860 -0.3435058526979898 0.3881293790080124 0.8487729168676166 0.1046128572648681
1455210129875551744 10.9139960602908079 -8.0179977554135657 4.9720847842531581 -0.3537827180212229 0.3730581890192204 0.8511707259686166 0.1057060607972560
1455210130076876288 10.9099315093640730 -7.9869725974375756 4.9799660177625960 -0.3620986840998653 0.3569502642068653 0.8539230656171866 0.1108442594938547
1455210130278288896 10.9057237063664587 -7.9596453064137052 4.9865068698883475 -0.3705680116479692 0.3396781005229593 0.8558639049744254 0.1216351632148891
1455210130479629824 10.8964020513130215 -7.9298448500886138 4.9977361731500878 -0.3812884646487701 0.3243295067507725 0.8555055210271818 0.1324378392627799
1455210130681025536 10.8902278218121946 -7.8987619372507600 5.0032306768133470 -0.3911176034058063 0.3107772325258480 0.8543338076695454 0.1433815787419352
1455210130882434048 10.8920801808082803 -7.8671282399580891 5.0021733407189766 -0.4011000213969853 0.2986973840259903 0.8525625681159511 0.1517752056789977
1455210131083768320 10.8783589238937584 -7.8362931128101856 5.0049071192217038 -0.4115728463402756 0.2855616518292358 0.8511958905781255 0.1566138276871947
1455210131285133312 10.8703821631967728 -7.8054459387651560 5.0125571528160826 -0.4255099411547026 0.2670003002856243 0.8501103777479290 0.1580015040155702
1455210131486489856 10.8617220350346564 -7.7733098915888919 5.0054106658621809 -0.4335924280491779 0.2468330782622497 0.8516396313993264 0.1605645541332829
1455210131687839744 10.8598256605692161 -7.7418085169680131 5.0110938401689404 -0.4449510052876098 0.2276727377886638 0.8513678873510692 0.1592370803196806
1455210131889215232 10.8529797972781186 -7.7142447165759584 5.0166363410427248 -0.4557955670814738 0.2089421693534879 0.8507371230154509 0.1576068476244909
1455210132090580736 10.8521987843424217 -7.6802942268422409 5.0155635646900567 -0.4661245828108289 0.1858789156208115 0.8510214570062528 0.1547235655678095
1455210132291988480 10.8450296541457494 -7.6501161078011863 5.0211656371628015 -0.4777023286106322 0.1648949846995130 0.8491707944008737 0.1533593531465086
1455210132493365504 10.8406207608423966 -7.6215717346603027 5.0256998893058187 -0.4892587122704237 0.1440627459215128 0.8468088464782315 0.1509523608005110
1455210132694776576 10.8348666447071782 -7.5925347822479470 5.0279347732753035 -0.5009212712378190 0.1248539854918798 0.8440207995329634 0.1453212038348766
1455210132896103168 10.8333485799315898 -7.5602559123808160 5.0302976625671958 -0.5136539631228321 0.1062063365550843 0.8406026896223299 0.1351552383130664
1455210133097449472 10.8293771415685551 -7.5306838910544425 5.0312857045751089 -0.5251309415910741 0.0892334568462202 0.8370161385334700 0.1252152873952082
1455210133299295744 10.8253493176952631 -7.5003922823918794 5.0318531297818128 -0.5356732978400102 0.0733212579100014 0.8333320151020163 0.1150472238940021
1455210133500190720 10.8218898569588440 -7.4705015895476539 5.0332784351403932 -0.5455752088437325 0.0608166596766148 0.8292417704056014 0.1049147826356255
1455210133701585664 10.8187559185292059 -7.4403733692099303 5.0358662790681805 -0.5566242542829212 0.0499572856647197 0.8236152386156269 0.0966004548287384
1455210133902992384 10.8144930692929719 -7.4108679747060453 5.0355637770842350 -0.5673475213750849 0.0397107634199594 0.8176358294812445 0.0895069584259714
1455210134104335616 10.8108266151139709 -7.3800631210529311 5.0377006345202009 -0.5794770278751875 0.0299858788767726 0.8101312421268616 0.0836336760098132
1455210134305712896 10.8071778711374051 -7.3499806112682791 5.0386388444072665 -0.5908463391621047 0.0215003184631002 0.8022315128729065 0.0828428606361006
1455210134507026944 10.8024927778577826 -7.3202577625508702 5.0403972212231043 -0.6022612439785857 0.0094506443467967 0.7932506288159182 0.0891376419137684
1455210134708623360 10.7991158685936792 -7.2896421973314469 5.0430313310100932 -0.6079606827449207 -0.0023528408021001 0.7877828317131271 0.0988760963759033
1455210134910103296 10.7958805947420231 -7.2587467056989796 5.0465465699863978 -0.6107618047744832 -0.0160205906347561 0.7839440346140492 0.1102048506072922
1455210135111158272 10.7946983883817555 -7.2267268694301956 5.0526470845615776 -0.6128043306145665 -0.0288749214530321 0.7795120947685622 0.1264831427528709
1455210135312984576 10.7930411078581177 -7.1934552937370109 5.0582730092852639 -0.6139929421601688 -0.0384653018127450 0.7742112499446474 0.1487616482602304
1455210135513906944 10.7910178368122747 -7.1600905357874121 5.0616367474582518 -0.6160610451238162 -0.0437878234722546 0.7680986043113329 0.1690442227687681
1455210135715250176 10.7901241392803762 -7.1245208244371385 5.0662687178300834 -0.6206480815858314 -0.0482593345168253 0.7588045847384605 0.1915270154200518
1455210135916618752 10.7892427763204797 -7.0888232902367392 5.0688929334582493 -0.6253843325711955 -0.0521695914578537 0.7503243460759043 0.2078127666611651
1455210136118135808 10.7888339366597101 -7.0554147345250229 5.0710448011682292 -0.6271965920421125 -0.0541875881884122 0.7455162907739297 0.2188460655523974
1455210136319424512 10.7900479439920858 -7.0215123503986314 5.0742564036765501 -0.6269716427207518 -0.0560879721521957 0.7413901924201428 0.2325968211027823
1455210136520749824 10.7924727496416999 -6.9883914778040603 5.0782422694789169 -0.6235452794783551 -0.0570803546088688 0.7382691250630925 0.2507824087462323
1455210136722127616 10.7974783384604915 -6.9545753182318917 5.0849333648143258 -0.6155237058243046 -0.0573513495715364 0.7346356442403761 0.2795565425493840
1455210136923792640 10.8020407262800422 -6.9215377487556706 5.0913755805546534 -0.6084676884403383 -0.0581255401255941 0.7295307168165261 0.3068768921413689
1455210137124851712 10.8056881760877079 -6.8874516081006725 5.0943209514754964 -0.6046442480301378 -0.0618178532245181 0.7252220382681752 0.3234762457382830
1455210137326238720 10.8080476684665232 -6.8557610536995579 5.0991150661797580 -0.5971563480301775 -0.0627010326695768 0.7245368212343295 0.3384069608992740
1455210137527701248 10.8121079790805776 -6.8238460076221257 5.1034371678299424 -0.5826591381911961 -0.0631792337335224 0.7279318047252326 0.3558539036972949
1455210137728963840 10.8147850385478677 -6.7945985929304102 5.1060460946693116 -0.5666717272032453 -0.0628880162428050 0.7312539648328585 0.3744274160872302
1455210137930313728 10.8197633846770582 -6.7644963360518258 5.1099552827165668 -0.5510133062061555 -0.0633309727687949 0.7341516443927411 0.3916565935961684
1455210138131749120 10.8231749241341788 -6.7350420955076569 5.1147705686700640 -0.5381452260613986 -0.0652510971275998 0.7358975828995981 0.4057052593613990
1455210138333075968 10.8308799263391062 -6.7047804928689736 5.1222604633880788 -0.5286609103887115 -0.0682565844332450 0.7376928224771965 0.4143283482627199
1455210138534424576 10.8317720777685267 -6.6763603008582448 5.1230957778785582 -0.5169038353499015 -0.0677554011742132 0.7394281459603457 0.4259878490918836
1455210138735816448 10.8385032151648719 -6.6481391332928137 5.1286205583349700 -0.5077678405320410 -0.0663640345732315 0.7407911463575517 0.4347368313300067
1455210138937179648 10.8427538317110379 -6.6200959913522137 5.1326208276386636 -0.4984919013911022 -0.0673232972430138 0.7413771333341518 0.4442221787180912
1455210139138589184 10.8485760430610636 -6.5929482200337528 5.1371797487220201 -0.4841420603249819 -0.0689376726749974 0.7438967650109719 0.4554905769789830
1455210139340060416 10.8585462087814726 -6.5674374687897048 5.1428670906215137 -0.4661066540614875 -0.0690712418214408 0.7490070518963496 0.4657919995044873
1455210139541355008 10.8681626305865624 -6.5412220837968524 5.1492415465893231 -0.4482271232699586 -0.0684301009042818 0.7546730224996011 0.4742134502169706
1455210139742631936 10.8772810234588988 -6.5150403484779877 5.1553794424458967 -0.4322202988878655 -0.0684277168593840 0.7590813948807283 0.4819737510908905
1455210139944008448 10.8884373931987213 -6.4901556641314411 5.1615462651870825 -0.4155164237615031 -0.0699116843864421 0.7606341902253646 0.4938563420984946
1455210140145393920 10.9001367973724186 -6.4647471673590697 5.1648767401454414 -0.3965495966715286 -0.0670826684566807 0.7647742575879940 0.5033573957965765
1455210140346915072 10.9139173948393999 -6.4397052070013450 5.1698524352872974 -0.3787063167231359 -0.0612408483708478 0.7685621161888215 0.5119993727771308
1455210140548629504 10.9246884122165948 -6.4157860586777105 5.1738432669166050 -0.3620334945404422 -0.0533274501354342 0.7705528221792206 0.5218584866843947
1455210140749612032 10.9355984962481241 -6.3900241767270742 5.1759783937651900 -0.3500988604634340 -0.0444304277707734 0.7725286871051558 0.5278789184935269
1455210140950901504 10.9477101083965938 -6.3661047819559231 5.1804847159935852 -0.3363953333557515 -0.0351125209352502 0.7734649212272530 0.5360571855697518
1455210141152212224 10.9607096333305432 -6.3440310912005398 5.1837541862780752 -0.3162554982416043 -0.0275035314574005 0.7758743112754105 0.5452018604996074
1455210141353602048 10.9711607837643310 -6.3235649774652947 5.1849018132512326 -0.2907544390150403 -0.0214350078371103 0.7798994186534760 0.5538585500071674
1455210141555049216 10.9829330517664197 -6.3035717443240076 5.1854466347504955 -0.2634399230800847 -0.0166289836389522 0.7834778001180530 0.5625703694231242
1455210141756346368 10.9935704109125414 -6.2843052990632664 5.1854933633688463 -0.2387106804547594 -0.0119146653652085 0.7867913880821085 0.5690646390577169
1455210141957762048 11.0061541064918771 -6.2696745371738514 5.1874630159068493 -0.2166498371338400 -0.0050815872982164 0.7898168755894154 0.5737824749629301
1455210142159081216 11.0231988002911034 -6.2428800192061251 5.1818730933886563 -0.1897652490930831 -0.0074942275329512 0.7916417502210885 0.5807205232271515
1455210142360506112 11.0289784956396613 -6.2263979614322604 5.1779915122928353 -0.1587877961547931 -0.0018518872252000 0.7930536583121653 0.5880891950577743
1455210142561850368 11.0404359068775708 -6.2091383830683657 5.1748199589684969 -0.1268559741288616 -0.0028872455721502 0.7934394623512229 0.5952756044259048
1455210142763250688 11.0491429323650010 -6.1910459213510682 5.1727042152897722 -0.0943388550519418 -0.0053106535200496 0.7944529065079806 0.5999304599098974
1455210142964588288 11.0623594722731617 -6.1734574749398288 5.1707291854412336 -0.0645400387717596 -0.0075967012612513 0.7940612258523662 0.6043539055248380
1455210143165950208 11.0735176640710318 -6.1547012564273631 5.1681950658425224 -0.0293698865681542 -0.0076599250218510 0.7917876284899653 0.6100418728922384
1455210143367461120 11.0835003996107364 -6.1364173817582497 5.1659324857322781 0.0044106065078994 -0.0033684882398995 0.7862285330704857 0.6179109107493104
1455210143568694272 11.0974071625382962 -6.1172905623007647 5.1611690760252227 0.0322658476885450 0.0019191224244497 0.7820377718790328 0.6223922841717571
1455210143770192128 11.1032865925084518 -6.0963604035530441 5.1597732540712995 0.0532036540904040 0.0070951148816005 0.7782880770671597 0.6256090629389479
1455210143971428608 11.1085941316092605 -6.0734549814826995 5.1554538203209113 0.0682528640637764 0.0112755794611961 0.7750479705389319 0.6281043314755828
1455210144172760576 11.1157259693234174 -6.0517676116341725 5.1507230432999433 0.0856442432085168 0.0174678917364433 0.7696902566981518 0.6324056017363049
1455210144375436800 11.1254604353536770 -6.0291330486838453 5.1430059720262049 0.1068105715194975 0.0254307207295612 0.7623500868908896 0.6377829766247342
1455210144575524352 11.1340242665480300 -6.0092487272718120 5.1356139193403862 0.1242957817824534 0.0320835233416138 0.7561724098619250 0.6416576133146757
1455210144776920064 11.1399689920251248 -5.9881539184647021 5.1324143795088739 0.1468821440126135 0.0351287356893475 0.7484195434911942 0.6458016681765062
1455210144979218688 11.1452620872422958 -5.9685927101586929 5.1269710453886956 0.1725289461260101 0.0421353789360024 0.7400129398820436 0.6487212200920383
1455210145179701760 11.1567788982998941 -5.9482180388933799 5.1184961603065027 0.1997633568233596 0.0475066707716522 0.7304614459166856 0.6513553511963818
1455210145381431808 11.1650289082978738 -5.9279954608441843 5.1112201542760207 0.2247549254436618 0.0523605618243526 0.7219314375673879 0.6523485222686847
1455210145582404608 11.1755062372383360 -5.9073348496625711 5.1033597261726458 0.2442632124365360 0.0527020776045685 0.7160747892188019 0.6517628942426793
1455210145783762432 11.1813841336197228 -5.8884718977224022 5.0972615929603178 0.2647551384046605 0.0538084462662920 0.7080731043201942 0.6524123287746025
1455210145985118720 11.1868373463435056 -5.8688765700127403 5.0909709591432764 0.2841605506181281 0.0581907248767249 0.6982083299934504 0.6545011451009697
1455210146186499840 11.1947072540624788 -5.8505500767404159 5.0804316633872828 0.3050588208794594 0.0653891656024913 0.6908731655384081 0.6521944817034129
1455210146387865344 11.2049204314582287 -5.8306146726622394 5.0663975719464203 0.3292783858620243 0.0757370417650055 0.6833655690620506 0.6471871013310484
1455210146589302016 11.2134089654868259 -5.8120131776042498 5.0497190354123127 0.3597298390464895 0.0853378679174976 0.6759760382944804 0.6374702242854814
1455210146790615296 11.2250975308434455 -5.7904306733144182 5.0340577066533605 0.3899851529776334 0.0945433667865322 0.6713933393207299 0.6230602829337131
1455210146993508608 11.2355756113659346 -5.7672470374667961 5.0204273218188478 0.4135964063638585 0.1061982674989635 0.6685938279027712 0.6088039371697918
1455210147260492288 11.2464309403585059 -5.7369677890792641 5.0080380061251644 0.4354163005545263 0.1184731251045072 0.6636400039245403 0.5966227526925357
1455210147462420992 11.2508400041869248 -5.7155390864058262 5.0008131763770729 0.4486570380543430 0.1248146707744562 0.6572813899292702 0.5925447954512928
1455210147663201536 11.2536086280666989 -5.6903052869595365 4.9944349995021335 0.4596015192142124 0.1312728604784179 0.6529641202870914 0.5875131804951325
1455210147865019648 11.2591866095444733 -5.6627109700774358 4.9895781838479882 0.4705977310307720 0.1444728053675834 0.6519319170098770 0.5767583199588335
1455210148068337408 11.2611882126414038 -5.6332389621568364 4.9814626309043399 0.4828988326397967 0.1663634300289298 0.6535251364447248 0.5586025623097650
1455210148334490112 11.2634243632190110 -5.5961503432629200 4.9671857694050034 0.5006229173164179 0.1900847497023999 0.6519528648232783 0.5368444324354084
1455210148535808768 11.2641890854178044 -5.5702326063471981 4.9515335039593014 0.5139071122494737 0.2011061364053507 0.6537052088502394 0.5178081708524728
1455210148737356288 11.2599368397234976 -5.5414442301112938 4.9416707447032744 0.5314726767774570 0.2159602581526934 0.6527157142387815 0.4948334640294493
1455210148938548736 11.2631769240461956 -5.5118640555902498 4.9316518084868797 0.5455269158809413 0.2279591335109045 0.6530504936498198 0.4732441972619556
1455210149139914496 11.2633744691073083 -5.4783523951969659 4.9212274873915289 0.5554311655565702 0.2412504685233871 0.6583426097903649 0.4470787848915757
1455210149341303552 11.2645608420518055 -5.4392223022584876 4.9152010525472960 0.5674360509654400 0.2602052276964725 0.6609258710854302 0.4165171790864559
1455210149543009024 11.2632339435631277 -5.4042583887211553 4.9012962389682126 0.5691675163914158 0.2826920853964133 0.6672565911783360 0.3884612782094520
1455210149743990784 11.2578266879927948 -5.3719591809321789 4.8934162030812773 0.5701634750214376 0.3071806402398972 0.6718785895197530 0.3593505627632053
1455210149945740800 11.2530690522518455 -5.3384545628600053 4.8837927526883966 0.5691588457772881 0.3261741965349360 0.6762742623784673 0.3351443328369342
1455210150147506944 11.2476287170858988 -5.3029691560095484 4.8744487653097481 0.5684613861921647 0.3435817288285600 0.6795759421144167 0.3114157782177449
1455210150348103424 11.2426231584545757 -5.2702541728216232 4.8661060438661732 0.5669344488729415 0.3619003770547265 0.6825272253501502 0.2859546020343208
1455210150549589760 11.2357859235823678 -5.2345812217658700 4.8584093029004984 0.5655326483232361 0.3790698146552199 0.6840386494498725 0.2618587889618357
1455210150750854400 11.2285106165583901 -5.1991680493019228 4.8497019312593839 0.5631672788419039 0.3955579744288433 0.6854864457145482 0.2376653900953860
1455210150952230656 11.2214937182066148 -5.1652546220075592 4.8420537717306411 0.5634162414430697 0.4116476395591318 0.6856247828874198 0.2074295466276151
1455210151153592832 11.2173890015265716 -5.1323032149749439 4.8356095342313834 0.5664980701001895 0.4211556237761282 0.6860596491763401 0.1761534413701243
1455210151354985728 11.2136262169024175 -5.0998690845515000 4.8322328707847637 0.5669268458834746 0.4306845039915048 0.6877040447702482 0.1420139297563684
1455210151556577792 11.2083874330847024 -5.0690869436643302 4.8304221707394852 0.5647674440055909 0.4377303800895702 0.6907433742246111 0.1109208704565178
1455210151757848064 11.2000969520711724 -5.0376433632521227 4.8323662920284978 0.5645555443279986 0.4388834607379988 0.6944462372789982 0.0800173030549997
1455210151959100160 11.1931085148390714 -5.0076416092998794 4.8347460814218524 0.5627304938001946 0.4369772931801510 0.6997997625012419 0.0516287613210178
1455210152160478720 11.1892375028725155 -4.9819822884612481 4.8375038291117418 0.5578826269771628 0.4370989800721276 0.7050360793602055 0.0252107702650074
1455210152361871616 11.1794485233550223 -4.9533354611397620 4.8403779564451703 0.5522560546055413 0.4367177169095326 0.7101153120355533 0.0052085988035003
1455210152563227648 11.1713761420854141 -4.9257299005965116 4.8446650966391553 -0.5389723477964772 -0.4405090925774813 -0.7176814056174695 0.0198481157354993
1455210152764585728 11.1610874735130530 -4.8981809587281777 4.8497160370805101 -0.5183985748473751 -0.4463688021013925 -0.7278156124183249 0.0479817092954886
1455210152965987328 11.1512042731081618 -4.8716025744317717 4.8521404870739513 -0.4945496739430191 -0.4512019055200175 -0.7390341365880287 0.0752728730390030
1455210153167306752 11.1428068785281500 -4.8451286162758000 4.8549475029471658 -0.4822358791482886 -0.4515511694733019 -0.7449624710291736 0.0926337679654595
1455210153368776960 11.1396717313882530 -4.8230768383041855 4.8509188964609455 -0.4728923419742652 -0.4523415082592755 -0.7492804870941281 0.1016796167764494
1455210153570065664 11.1386764612530200 -4.7988605813661458 4.8485148581346760 -0.4631605221822485 -0.4555948233922444 -0.7522781371874039 0.1095138890730587
1455210153771381760 11.1380335146845937 -4.7783518858887195 4.8445787209242237 -0.4522477372971417 -0.4597841650801440 -0.7548819934212367 0.1192630775200375
1455210153972766976 11.1347756421768018 -4.7548868190276634 4.8406772077181319 -0.4402675252925788 -0.4635283769585828 -0.7584011469326358 0.1270183067835228
1455210154176519168 11.1319925806004587 -4.7355481034549891 4.8411269397710441 -0.4268408650674209 -0.4691858667764129 -0.7608631621683588 0.1369625743804748
1455210154442663424 11.1227815826581971 -4.7080350632003469 4.8375700903708383 -0.4039083168666183 -0.4772200473076397 -0.7661331783627245 0.1488591650705437
1455210154644026112 11.1146945241307371 -4.6840444264401508 4.8375884827776821 -0.3813237931045091 -0.4845935833165115 -0.7703318909855187 0.1623268355865038
1455210154845402880 11.1067628489735419 -4.6644732909331452 4.8409340691590250 -0.3579997371333323 -0.4911417166122701 -0.7742039315761376 0.1767039183144174
1455210155046776576 11.0949776232726460 -4.6441428003625775 4.8434324008518104 -0.3348142105513532 -0.4974313344352820 -0.7765214273391595 0.1935871504464153
1455210155248101888 11.0782705463884366 -4.6261170386867736 4.8425417928320433 -0.3092976394659010 -0.5038718290858387 -0.7773615744597515 0.2148421109279313
1455210155449479936 11.0604021390655607 -4.6049785802473515 4.8480231405551164 -0.2843006809481045 -0.5116640912191879 -0.7734004933122842 0.2433611668150895
1455210155650882304 11.0414022518381305 -4.5890336215930736 4.8504829244884498 -0.2600852447015370 -0.5178114254205736 -0.7679667650306090 0.2728626779185390
1455210155853424384 11.0219827834465214 -4.5757818845330700 4.8559919318869520 -0.2422663185865123 -0.5211675292335264 -0.7622884687965386 0.2976705018825153
1455210156053599232 11.0054807078899781 -4.5617241085923128 4.8554118420049388 -0.2265208154855398 -0.5223377039685914 -0.7551785572506324 0.3248953521265570
1455210156254992384 10.9814933865788511 -4.5529960923190878 4.8546702043014101 -0.2084232006614721 -0.5247781558964298 -0.7477568667394000 0.3493240970274534
1455210156456354048 10.9698107765860762 -4.5382132112992934 4.8598653128020715 -0.1919164954175439 -0.5247992104626201 -0.7397354189696694 0.3748937948355858
1455210156657711872 10.9521009110619012 -4.5309303167294344 4.8652611291318104 -0.1813843132574493 -0.5184665211203547 -0.7322904711292947 0.4025454797593875
1455210156859095040 10.9313189755480114 -4.5222910066348110 4.8713335763137344 -0.1766209501220352 -0.5057694426241007 -0.7230979486711441 0.4360409011930869
1455210157060451328 10.9168216936497036 -4.5128260178356250 4.8833466015700724 -0.1721552904943814 -0.4891840375511631 -0.7111804984780105 0.4746407398701733
1455210157261851648 10.8909686387558793 -4.5062782216881434 4.8894527967786248 -0.1729619569578768 -0.4660134412096675 -0.6985884058005014 0.5146745314646327
1455210157463252992 10.8762763611870650 -4.5008065178660708 4.9016183904974620 -0.1703670391929778 -0.4449913332109421 -0.6844660632539109 0.5517825600519283
1455210157664601088 10.8573029613982683 -4.4983662655951822 4.9114573910076293 -0.1691390396339755 -0.4244117955719387 -0.6678729517549032 0.5875477285849148
1455210157865943808 10.8387651137153878 -4.4982323159965665 4.9231226795652727 -0.1674240088689675 -0.4063013132249211 -0.6517983630238733 0.6180997800398796
1455210158067298816 10.8289301469185428 -4.5000452393402313 4.9304816812751513 -0.1581383488969480 -0.3948682325428704 -0.6347870634507915 0.6450711012067878
1455210158268881920 10.8126977398002193 -4.4998426167406969 4.9355350702261704 -0.1493351258419711 -0.3879561612449247 -0.6130284259108810 0.6718520567558697
1455210158470076672 10.7947496416824471 -4.5043034590555981 4.9425201417921114 -0.1440931130329854 -0.3862251158199606 -0.5906715784079400 0.6936673706809294
1455210158671387392 10.7800372074344555 -4.5070906525952621 4.9480356828108363 -0.1404845989139573 -0.3822727943398838 -0.5697624811378266 0.7137943003857828
1455210158872763392 10.7669846104975875 -4.5109354620512692 4.9532198023180056 -0.1359472117234314 -0.3790710134313090 -0.5467515261622246 0.7340887487491300
1455210159074133760 10.7544164480214963 -4.5159001369781064 4.9571223450101733 -0.1329659813475223 -0.3746718607065628 -0.5216334104645873 0.7548772282206264
1455210159275490560 10.7423789413769750 -4.5206434874494761 4.9613950249457242 -0.1323248077750162 -0.3690586190780453 -0.4931399217930604 0.7765944234060952
1455210159476917504 10.7309402765999504 -4.5271815527788197 4.9640414223396832 -0.1307802135375544 -0.3631658902675622 -0.4630285138675655 0.7978794816504772
1455210159678253568 10.7194021965884296 -4.5352658339996212 4.9664489604863853 -0.1289027134452941 -0.3590645693222836 -0.4317037945822804 0.8173668449766627
1455210159879628800 10.7102518660936159 -4.5406246064402120 4.9672632153031619 -0.1265065434551942 -0.3538267992211840 -0.4041994918291817 0.8339217357887623
1455210160081753600 10.7010979038636407 -4.5496250281753756 4.9695393676327324 -0.1197971058529601 -0.3497944400649412 -0.3768949785439390 0.8492600769359601
1455210160282384896 10.6926469537735525 -4.5566948641600185 4.9715632099732243 -0.1158218453279746 -0.3483253693589236 -0.3505259998689231 0.8616183961718110
1455210160483719168 10.6864203567879112 -4.5623567554691835 4.9721407943890252 -0.1113956078795760 -0.3449629734166306 -0.3324866348846278 0.8706573396806535
1455210160685094400 10.6837117810957434 -4.5722979599984397 4.9744275053261235 -0.1021235958512032 -0.3430222095562104 -0.3081938829872093 0.8814323941238270
1455210160886475520 10.6757760192096249 -4.5788741983768437 4.9748202188877952 -0.0937625763880237 -0.3391573034020858 -0.2802687298430708 0.8931015294412261
1455210161087868928 10.6709959513044037 -4.5840891756962945 4.9769544231105654 -0.0900774048280356 -0.3370836621091329 -0.2573045424811016 0.9011409647203557
1455210161289272064 10.6694280348819870 -4.5912773401074869 4.9809061699935127 -0.0846533956309603 -0.3364135042268425 -0.2358475754498895 0.9077641091915747
1455210161490603008 10.6633786969741848 -4.5964917941762620 4.9817635132008773 -0.0758247612015108 -0.3333911438885471 -0.2135774108695302 0.9151424153276296
1455210161691959040 10.6633320071355069 -4.6034492043702562 4.9849759761629349 -0.0694194743174748 -0.3344412738943785 -0.1922451172114301 0.9199846660731658
1455210161893357312 10.6600947868181635 -4.6107235045389690 4.9871626178467867 -0.0629161248175137 -0.3333825977465729 -0.1704455299615373 0.9251194117917020
1455210162095112448 10.6591998174575338 -4.6184364529028121 4.9900927992109034 -0.0547443330394778 -0.3330175755973646 -0.1463027418614406 0.9298913162661220
1455210162296077312 10.6575310917981945 -4.6302862398378499 4.9943042245257843 -0.0423420135099880 -0.3271793283869081 -0.1203812802989662 0.9363061402777372
1455210162497436416 10.6614804949254527 -4.6416813505010337 4.9993799546466180 -0.0230959408840007 -0.3152729470450091 -0.0973131292830028 0.9437159007060267
1455210162698800384 10.6684462512630738 -4.6575472504237325 5.0029978773661510 -0.0062824090254992 -0.2983047041304625 -0.0780048521274902 0.9512571039813800
1455210162900238848 10.6707332175514527 -4.6685451059169090 5.0093104354856441 0.0140630361430066 -0.2768895421971287 -0.0520029249810242 0.9593904878774456
1455210163101564160 10.6741918488929901 -4.6840408081819982 5.0166014060139341 0.0300707418985020 -0.2557737366375177 -0.0278449749215020 0.9658675910805665
1455210163302942720 10.6754299828597112 -4.6979401375036280 5.0224036251391428 0.0441436771979993 -0.2340980166859970 -0.0054918014320000 0.9711947767899871
1455210163504384512 10.6845314030079841 -4.7138469557929481 5.0277117506470121 0.0571183012574732 -0.2149153194223997 0.0148798549024931 0.9748474214240448
1455210163705716736 10.6964969828633123 -4.7246992776719878 5.0282508176617995 0.0706661042459988 -0.1965356813619966 0.0366256506479993 0.9772607581279831
1455210163907011072 10.7031171891265586 -4.7355564453238861 5.0356880261784269 0.0833033740120085 -0.1770271120060183 0.0584980399360059 0.9789279487361006
1455210164108368384 10.7091337273234188 -4.7480632744880182 5.0392923209410245 0.0912281723539678 -0.1582594502149440 0.0798449093709718 0.9799266081876539
1455210164309722368 10.7063419006337046 -4.7614294229839667 5.0412403461546145 0.0996371547254970 -0.1345333989654961 0.1023276839934969 0.9805622096784707
1455210164511145984 10.7129581124110338 -4.7679617063928132 5.0487333752237200 0.1128310124314414 -0.1154039308334402 0.1138670416384409 0.9802986239969920
1455210164712516608 10.7234218846713691 -4.7806372156660606 5.0534144195002400 0.1210261974435408 -0.0991180606685335 0.1221410446755411 0.9801070527178312
1455210164913842432 10.7288273329624513 -4.7913149445561620 5.0596545320098949 0.1236827927104988 -0.0855330455034993 0.1333912081904987 0.9795884087164910
1455210165115225856 10.7364841042425887 -4.8001242986895001 5.0649753952906078 0.1264823076359960 -0.0711803411669978 0.1481645452719954 0.9782550037749697
1455210165316584704 10.7447831181884617 -4.8087480688282698 5.0683330111221983 0.1327546071455605 -0.0568338242525259 0.1592045157395726 0.9766268749479450
1455210165517984768 10.7600834181895060 -4.8170219859983492 5.0736081777349176 0.1427621625500146 -0.0402963556780043 0.1676705580110173 0.9746187729771005
1455210165719390976 10.7731603087641172 -4.8245825857067430 5.0778328658397731 0.1592325644244948 -0.0181066194104994 0.1770236520744944 0.9710714532754686
1455210165920737280 10.7881704176768842 -4.8318547561749954 5.0760513513895402 0.1715934645545518 0.0012552799815004 0.1802487480235545 0.9685372971807926
1455210166123946240 10.7983120319934276 -4.8356457643302635 5.0829117268474677 0.1807097381309924 0.0189298250019991 0.1845567833069923 0.9658801405999595
1455210166390607872 10.8181007787797405 -4.8436287389867552 5.0810403465372147 0.1901023788755986 0.0427684609445221 0.1899915980935986 0.9622552348249999
1455210166591970048 10.8272436634717355 -4.8463066666451597 5.0859390419397803 0.2012481781276224 0.0644446877355393 0.1958307963856191 0.9575992649380823
1455210166794576128 10.8417247092145210 -4.8505464611345808 5.0840287718886108 0.2120111537301409 0.0895591449780596 0.2015087911331340 0.9520633578396328
1455210166995152128 10.8495878258927760 -4.8549750845136206 5.0835665567588864 0.2231773886844299 0.1141467214724641 0.2087910286224344 0.9452876205282034
1455210167196082944 10.8670236544202083 -4.8624590205244305 5.0795670460697560 0.2275144042399476 0.1359503793599686 0.2167243185799501 0.9395665276877837
1455210167397467136 10.8865121627157357 -4.8658997266657558 5.0822885943559362 0.2264570954994309 0.1589214476204515 0.2258816655314312 0.9340442337282151
1455210167598843136 10.8945694254797552 -4.8736611612040805 5.0835304023030705 0.2197764566973928 0.1792103946574125 0.2324008356573866 0.9303611100610462
1455210167801338880 10.9080703762813300 -4.8855671808694021 5.0783788960177842 0.2158434091800333 0.1922504252610296 0.2405909907940371 0.9265891062651436
1455210168001581312 10.9154353949824650 -4.8932210498044313 5.0815319327317212 0.2197217988175960 0.2041572520455892 0.2469704210616080 0.9214378756499028
1455210168202902272 10.9227822026363164 -4.9048192661583849 5.0801021932255122 0.2254374017820251 0.2115239644740236 0.2523375419830280 0.9169303982511025
1455210168404621824 10.9326411012637106 -4.9162046615588784 5.0777690702209206 0.2312859824999604 0.2177119032229628 0.2577978382569559 0.9124958060638436
1455210168605698560 10.9411797582835142 -4.9293137811980285 5.0754816803975116 0.2387200790369498 0.2302703698589516 0.2636601594349446 0.9057988744508098
1455210168807015424 10.9524002655246271 -4.9388987370833535 5.0747674550641344 0.2406971648431474 0.2403566464551472 0.2736796467831678 0.8996627191775519
1455210169008378624 10.9633056814875367 -4.9488358553499525 5.0732946451912939 0.2446046060165206 0.2521407108655214 0.2864730141415243 0.8913623622345754
1455210169209767168 10.9780393767342339 -4.9593021959470489 5.0654189704145010 0.2532412347614789 0.2544353904984789 0.3012093499674749 0.8834050240804265
1455210169411130112 10.9834505806266165 -4.9742112611338412 5.0623539566337943 0.2637770350028960 0.2595582209458976 0.3080872238468784 0.8764322382516545
1455210169612502528 10.9888842688023303 -4.9883629784341670 5.0586087153338415 0.2729923273308634 0.2601971939858697 0.3114000620118441 0.8722399961245633
1455210169813935872 10.9834956769059779 -5.0023480561007885 5.0574337178186521 0.2797091925270392 0.2701459741720379 0.3179435101310445 0.8646940757401212
1455210170015223296 10.9913930814563319 -5.0163784814486956 5.0550300087003288 0.2892463020716313 0.2876911204916305 0.3246985674426474 0.8533119220008878
1455210170216597504 10.9982847965410819 -5.0304642165707891 5.0497126431328940 0.3061787065970793 0.3070907428600795 0.3321792001460860 0.8376197551792166
1455210170417999872 11.0049056130973923 -5.0457805671729803 5.0417314825550825 0.3276202505379532 0.3221153732139540 0.3393228459449515 0.8208329086948831
1455210170619369984 11.0083807354191006 -5.0637307107180245 5.0373130259974106 0.3486871042265242 0.3318408182525230 0.3443859265175239 0.8060380315495562
1455210170820772864 11.0122570197765857 -5.0817311045738531 5.0361662070911262 0.3665946296289752 0.3352411485579774 0.3481216763849765 0.7950050617899463
1455210171022141952 11.0161716676306298 -5.1016914146485544 5.0339352334655052 0.3809020172579776 0.3395097417789800 0.3518372676849792 0.7847657775119540
1455210171223472896 11.0220866664162322 -5.1196491090522622 5.0308528038565141 0.3943618445645358 0.3434454940215311 0.3555673477595322 0.7746584985625702
1455210171424842496 11.0271512636704880 -5.1397757158941761 5.0272370807577555 0.4079217094249136 0.3464998832869266 0.3611568153869233 0.7636121165628386
1455210171626221568 11.0331389596467186 -5.1606849118445943 5.0213410194054804 0.4225975218880697 0.3492075357160576 0.3633092504480598 0.7533072547321245
1455210171827546624 11.0379740310620402 -5.1825397646553819 5.0148307946384953 0.4364232110654800 0.3478569001314841 0.3665245208594832 0.7444394760374657
1455210172028944384 11.0420283707083495 -5.2043939164875601 5.0114170424024307 0.4449661849786159 0.3479093514745906 0.3713420605465967 0.7369323248786919
1455210172230314752 11.0454208812738379 -5.2263538327786065 5.0082859375268391 0.4486562600389324 0.3519556022399470 0.3741435960319436 0.7313353430048899
1455210172431693056 11.0479623527873692 -5.2471871370027090 5.0043664019217626 0.4581180969265359 0.3552890467135277 0.3730493582505292 0.7243836544695568
1455210172633010944 11.0492503514349689 -5.2701943287011410 4.9971858146642356 0.4751930414818803 0.3556435282629104 0.3732008409909058 0.7130430466778207
1455210172834419712 11.0506305513634562 -5.2923475351596760 4.9904228370213115 0.4947241926661828 0.3581487504336152 0.3701607117462122 0.6999703516815344
1455210173035808768 11.0509817528166483 -5.3159028540365263 4.9851793198958303 0.5098705721552865 0.3606190362789026 0.3681965452795069 0.6887795107053872
1455210173237128704 11.0538028563426156 -5.3401630300907215 4.9808697601793055 0.5175793632784811 0.3617311148544167 0.3649532065484160 0.6841574089962428
1455210173438707200 11.0557327105576579 -5.3648681742834423 4.9757478862868458 0.5256419269173475 0.3655107986926787 0.3607906763041797 0.6781832411654176
1455210173639867648 11.0574755526028010 -5.3867152992015548 4.9695992813625347 0.5401617307451803 0.3705919466780178 0.3566093839398208 0.6661206054325524
1455210173841275648 11.0595301129002799 -5.4096084349693108 4.9630909689221676 0.5588807446336951 0.3718032370066298 0.3536119101856234 0.6514393933467277
1455210174042637824 11.0609413042612221 -5.4318996344743562 4.9551041199917609 0.5783259343256262 0.3720897335031882 0.3492619812915951 0.6364781318570086
1455210174244013568 11.0648814870147199 -5.4533597021189015 4.9516704777919118 0.5926710473964540 0.3717420146803581 0.3463451457346287 0.6249751548065232
1455210174445429504 11.0713059364818918 -5.4698724192046466 4.9459066257636275 0.6063489544607560 0.3697655761182835 0.3411318802729346 0.6158274144626189
1455210174646861056 11.0721446636694285 -5.4966592880529115 4.9430120150889376 0.6207758694199502 0.3701692736861304 0.3366557465657844 0.6035519340279026
1455210174848717056 11.0731984314453307 -5.5178206590520915 4.9378507163841974 0.6365382963437852 0.3708231256907144 0.3314314614570761 0.5894594075058492
1455210175049454336 11.0763785407185740 -5.5380438163031753 4.9324139218372922 0.6522340608231897 0.3716998956148865 0.3253405599233694 0.5749638576212615
1455210175250877440 11.0773922344174931 -5.5596303527281137 4.9273565121433514 0.6674127345358205 0.3727356607371673 0.3199967588679578 0.5596699414014011
1455210175452216576 11.0793857298466083 -5.5781268708818432 4.9206767359636627 0.6820936010717565 0.3729304423399537 0.3138416656690530 0.5451372427592558
1455210175653601280 11.0808356454811854 -5.6003304262932501 4.9157530813667965 0.6964776697893640 0.3740375748016574 0.3079964078713559 0.5292947769056607
1455210175854964736 11.0826115015987661 -5.6187031690296587 4.9123200737355139 0.7101827400138163 0.3757657359719792 0.3013000633158932 0.5134772237419531
1455210176056347648 11.0847290984234856 -5.6411209714834198 4.9091587793526239 0.7227309754359945 0.3792772330259972 0.2952409511849977 0.4966301424569965
1455210176257740288 11.0879568874877439 -5.6582838859714020 4.9030526616055727 0.7304876651677100 0.3860827494681525 0.2908403254687642 0.4824311211791405
1455210176459109376 11.0922405929809624 -5.6802753685223291 4.9015838292704901 0.7370918840633067 0.3937797368704734 0.2872205258903942 0.4681211838674589
1455210176660472064 11.0939498700692756 -5.7004378657523258 4.8964583814247966 0.7396571152267799 0.4015849862114206 0.2840949344706999 0.4592678074414310
1455210176861837312 11.0943431509441535 -5.7205095393238485 4.8943160185708994 0.7435117292289845 0.4082650676459141 0.2773026115530254 0.4512351988319104
1455210177063220992 11.0957351753469489 -5.7419239305286984 4.8922664375623919 0.7476507831349374 0.4167130691934199 0.2679019965492022 0.4422635466394059
1455210177264751104 11.0921896382253049 -5.7656546154217239 4.8897169346442162 0.7509239852273931 0.4238812347470654 0.2610747352852019 0.4339099559070693
1455210177465985536 11.0908297890228944 -5.7866656495422033 4.8871203926200222 0.7543345581671279 0.4293210799402297 0.2533882114919767 0.4271500894892288
1455210177667251200 11.0856262833990442 -5.8083843120241241 4.8826432623297151 0.7580952254355718 0.4316368287697763 0.2470285183944221 0.4218509076927734
1455210177868678912 11.0825124756093452 -5.8289611144489628 4.8790362117468113 0.7621332188869302 0.4340949866177246 0.2395315151930810 0.4163401884177297
1455210178070023168 11.0805835558857506 -5.8483725248219915 4.8747080779717624 0.7661344312528944 0.4361042791930183 0.2316790296169333 0.4113100024970199
1455210178271384320 11.0743729537734836 -5.8740732874414956 4.8734941028255623 0.7698361292342970 0.4390413289733056 0.2261225207234757 0.4043063828343170
1455210178472759296 11.0724129241357669 -5.8962919065030004 4.8708606816262021 0.7728253003390130 0.4430070836584794 0.2191767266157888 0.3980544453894611
1455210178674159872 11.0718166996189176 -5.9171296794421897 4.8683222765032177 0.7746468793902190 0.4465382878608109 0.2145013880182051 0.3930838641608097
1455210178875500544 11.0690455519932183 -5.9387976335027526 4.8635985012033869 0.7784243504967923 0.4447626920188815 0.2147231143799427 0.3874734345638965
1455210179076876544 11.0655122980611136 -5.9620596342417604 4.8598847227172142 0.7819344531981884 0.4438501706206366 0.2159641132732693 0.3807033473976454
1455210179279210240 11.0640960829466835 -5.9848727872190786 4.8578935728148815 0.7864395810491389 0.4436531084328437 0.2119421772681472 0.3738518666958446
1455210179479651840 11.0594987573733796 -6.0089048211996907 4.8537019643032826 0.7887303385491440 0.4489232919726897 0.2037392683682224 0.3672364926057007
1455210179680960512 11.0546134161656013 -6.0332864024988124 4.8495992383105113 0.7919991599941030 0.4551916263095868 0.1920271089692522 0.3586969519346107
1455210179882348288 11.0502652699530461 -6.0582697381760706 4.8480111565201183 0.7976304030025516 0.4566934949935297 0.1801564655665115 0.3503718592455226
1455210180083729408 11.0441746723448198 -6.0849389605022024 4.8437548822201677 0.8027258809399350 0.4583403920243555 0.1620895901727869 0.3453725667533296
1455210180285114112 11.0368562560992594 -6.1112049642947586 4.8389125068628189 0.8055237192618167 0.4607835985326026 0.1451775886905978 0.3431231277135636
1455210180486560000 11.0331827126953801 -6.1377041667386774 4.8349469843458790 0.8067564762865665 0.4624767966056169 0.1318200409744691 0.3433404685855996
1455210180687832320 11.0276961869989378 -6.1642397381829648 4.8299739607197196 0.8081999652859594 0.4653818885602674 0.1175565368893786 0.3411934561893428
1455210180889263872 11.0196942185033020 -6.1916977607889034 4.8238223552923643 0.8097713254570813 0.4715505583118098 0.1008026493891412 0.3342892419738216
1455210181090654720 11.0109060682237168 -6.2192764922818986 4.8180145305406441 0.8122180063303093 0.4776071928763878 0.0797610070844812 0.3253174776344236
1455210181291981824 11.0028592898225703 -6.2455676881402455 4.8144825887374978 0.8153313638081024 0.4812976391021858 0.0588167146045179 0.3164299983702761
1455210181493413632 10.9927574684360412 -6.2709059198825567 4.8110277290840635 0.8180640499069229 0.4833504708955112 0.0381590992286627 0.3093338256334531
1455210181694816000 10.9816976600835456 -6.2964687958520260 4.8055588494213772 0.8216718084213399 0.4828619020600409 0.0176676989371050 0.3023039450599881
1455210181896120576 10.9725966814721794 -6.3218580407219944 4.8007445577098684 0.8242647222126117 0.4834869498538829 0.0008673283392999 0.2946646989008117
1455210182097452800 10.9643762622931131 -6.3483036510280515 4.7974933522554331 0.8256211928792424 0.4851073217530630 -0.0152183251329537 0.2877306636950172
1455210182298849280 10.9555221375441079 -6.3764715230657556 4.7944919380337732 0.8248003524602896 0.4883713132656141 -0.0306466732016480 0.2832995241476292
1455210182500291584 10.9460445295649276 -6.4068073166322295 4.7924143232689547 0.8230428507744563 0.4910069204150271 -0.0464983686222022 0.2816923350201091
1455210182701518848 10.9359910897026325 -6.4367038624806794 4.7907105390593543 0.8217632563595325 0.4914211255607832 -0.0614630580676800 0.2818381101677327
1455210182902880512 10.9313877538791520 -6.4656092809958690 4.7854583084730145 0.8210474194659821 0.4884195024041489 -0.0760044642081078 0.2855710876121285
1455210183104268288 10.9241995319607543 -6.4962806320177524 4.7861784751509626 0.8177656349544526 0.4892695120682708 -0.0893697965840497 0.2896338210681602
1455210183305648896 10.9167857738658469 -6.5268896605046791 4.7872502963201802 0.8112347300250241 0.4933014262526128 -0.1047174560787209 0.2959496072826676
1455210183507025408 10.9115292625798102 -6.5579270476232887 4.7880556914715218 0.8052743247908589 0.4958684684133169 -0.1208854140702664 0.3017191418042907
1455210183708403456 10.9032205958696427 -6.5881915578490498 4.7896388099153651 0.8022541928005311 0.4948127582165193 -0.1366485081185056 0.3047551962955117
1455210183909755136 10.8952564523460822 -6.6180606122447925 4.7907208716933933 0.8010223978216954 0.4927937466902972 -0.1517807324822991 0.3041053282302984
1455210184111118080 10.8864867274993138 -6.6469980338684085 4.7925149325638605 0.8006767152580183 0.4906504031953337 -0.1633682606952448 0.3024727936282823
1455210184312493568 10.8792801678248097 -6.6763628766854319 4.7942464628755070 0.8008151581901914 0.4877045795129558 -0.1736078412209202 0.3011638142299341
1455210184513855744 10.8720768713038947 -6.7050690183774284 4.7967953587745189 0.8003389162824122 0.4853370513195270 -0.1842222267385414 0.2999462233065358
1455210184715275520 10.8647045277061416 -6.7334024971184334 4.7991757344377177 0.7998908955158271 0.4820584686884952 -0.1968938597066460 0.2983739198495922
1455210184916597248 10.8565051834316524 -6.7614278195524493 4.8011652228978354 0.7995793566532553 0.4788788114509930 -0.2096142412709406 0.2956514945229574
1455210185117971712 10.8483797502929615 -6.7886362434952208 4.8028806791787817 0.7997500378355948 0.4741509331821581 -0.2239256243792065 0.2922979375411933
1455210185319336960 10.8410263329139642 -6.8155177477665596 4.8045174545561729 0.8013772468419961 0.4670726692532352 -0.2389015609551936 0.2873389532482024
1455210185520706560 10.8329966009655720 -6.8413256988320912 4.8056183637653529 0.8039517816259057 0.4588013664312604 -0.2523247365112331 0.2819486944922372
1455210185722144512 10.8243169526603271 -6.8668022521802339 4.8074676680820367 0.8058707799794050 0.4524573459092125 -0.2635377126182698 0.2764100398612659
1455210185923483392 10.8182299408985614 -6.8928555428813594 4.8100701545139160 0.8067039080485668 0.4487054261315372 -0.2747630584155229 0.2690678483755222
1455210186124868608 10.8100419646125996 -6.9176990091825896 4.8117766353782931 0.8078935414451758 0.4429408435230965 -0.2876812194210626 0.2614401476870569
1455210186326217472 10.7998866265576794 -6.9419441252395373 4.8144284121664134 0.8085593310435105 0.4363588178388136 -0.3024290597827786 0.2536916515687662
1455210186527554560 10.7909145259578771 -6.9660422536556874 4.8164122196426415 0.8095997858351913 0.4278820431029481 -0.3168156252079360 0.2471699892579278
1455210186728928512 10.7814155128007290 -6.9899747322318460 4.8176681355487974 0.8102592498538927 0.4174057377455508 -0.3313844210375200 0.2437965619464880
1455210186930408704 10.7733392951101621 -7.0131995246233805 4.8191678463050422 0.8103158583396896 0.4059313060762197 -0.3472460522692241 0.2408903560832319
1455210187131698176 10.7649734828056012 -7.0374239917451655 4.8191982189812306 0.8110137517109463 0.3939293558068996 -0.3605318977329039 0.2389416411729194
1455210187333014528 10.7580492505564411 -7.0612415562485662 4.8188356934118604 0.8117183962909613 0.3815489972097904 -0.3735632971017853 0.2366095325836991
1455210187534721280 10.7501201457113975 -7.0846341828291939 4.8199139046646389 0.8122528541935881 0.3717314583787591 -0.3855021920297630 0.2311905786277178
1455210187735763968 10.7423238249467285 -7.1084504557914761 4.8193101480340967 0.8130662048803042 0.3575886042437739 -0.3987401942387765 0.2281665928547653
1455210187937132800 10.7350018420279039 -7.1314176908593039 4.8183360748343711 0.8138099329988144 0.3402419754227098 -0.4120894514776798 0.2283223052917560
1455210188138591232 10.7278687600929636 -7.1536791167756650 4.8177284801081344 0.8134223513144708 0.3208141326266280 -0.4299153964036371 0.2249335960326197
1455210188340081664 10.7209729764166966 -7.1730830255522671 4.8215681097576750 0.8120225722475473 0.2989142392895173 -0.4535489024745265 0.2134549431955123
1455210188541271808 10.7160841589321656 -7.1940988895337048 4.8250315504507757 0.8083954443685009 0.2781693983570969 -0.4794402019390224 0.1981304724331267
1455210188742636544 10.7129959032245043 -7.2171353213814360 4.8284129225989370 0.8021781593600565 0.2657704763266858 -0.5003366597096294 0.1885191807467046
1455210188943966464 10.7102371911022107 -7.2411568486157440 4.8325052754173736 0.7966328360485408 0.2551751138974470 -0.5167538169394441 0.1822835111994478
1455210189145334784 10.7082113765597207 -7.2662655227504009 4.8355563723422001 0.7923484505770219 0.2440330616069412 -0.5293367445689314 0.1800955539709435
1455210189346791680 10.7060070071982913 -7.2886201483437851 4.8376420371375870 0.7870613005045746 0.2247513584765855 -0.5448789809076362 0.1820116267605788
1455210189548130304 10.7033452219320306 -7.3112579240923674 4.8401468798846352 0.7814807826202049 0.2041246193306121 -0.5596520308655464 0.1855007561346155
1455210189749478912 10.7019873426627932 -7.3374127126235731 4.8445788964607264 0.7759040594534682 0.1891841372985544 -0.5712805691505630 0.1892637419825546
1455210189950991616 10.7023636737562207 -7.3637223302934736 4.8481904193429006 0.7678987632698859 0.1709180870638523 -0.5839807175347373 0.2002124332568443
1455210190152330752 10.7016881655547582 -7.3906504445817491 4.8535053444239304 0.7593176909810064 0.1545789781740011 -0.5949177704680051 0.2135762862570016
1455210190353615104 10.7030113214447553 -7.4225822047277212 4.8577716274612692 0.7507556476902405 0.1495520514270480 -0.6035956058771937 0.2228732508420712
1455210190554995712 10.7034153206810654 -7.4546295665979159 4.8618654253496478 0.7419730621553674 0.1454416540510720 -0.6120923407213033 0.2316585131891146
1455210190756435456 10.7048429483140737 -7.4876378729035205 4.8651043322378751 0.7386391455053483 0.1388188750930655 -0.6154610812222907 0.2373798435961117
1455210190957686528 10.7053745719454021 -7.5187196025309300 4.8681764984543854 0.7365111565810227 0.1309956499820039 -0.6170170522050190 0.2442977961540075
1455210191159087616 10.7078339254567592 -7.5508896060815651 4.8702349147459669 0.7328503596696772 0.1232419685385298 -0.6194415337916501 0.2530493108795611
1455210191360435968 10.7100042977442413 -7.5817860141411000 4.8745899604968477 0.7297676662564508 0.1131657279074922 -0.6208908185744583 0.2629206395924822
1455210191561827840 10.7126694259028437 -7.6115890518790090 4.8780954989137424 0.7257711751487697 0.1016030804075377 -0.6234480952857319 0.2724802522376011
1455210191763133696 10.7153516043047716 -7.6437308731558886 4.8798574112867383 0.7206245932439076 0.0907948231285514 -0.6265652402338546 0.2826172242376597
1455210191964522496 10.7193336733206301 -7.6746679449127102 4.8850590012681323 0.7163377464898034 0.0832249125605352 -0.6280011326887659 0.2924866223006239
1455210192165877760 10.7224966349990414 -7.7070080833950998 4.8891527936931700 0.7113907527266919 0.0765839952069668 -0.6297416416757273 0.3024624825538691
1455210192367270144 10.7252191762897340 -7.7394520909628373 4.8943556712107705 0.7059519028988250 0.0703021247179825 -0.6302732104478437 0.3153493336689220
1455210192568658432 10.7300335650515066 -7.7737083614055544 4.8990290596515731 0.7010018567032473 0.0618674363394778 -0.6302783845662731 0.3278993369433817
1455210192770021376 10.7330009104583635 -7.8064261776592430 4.9027943822822619 0.6960891569170561 0.0515826491680043 -0.6300423384160511 0.3403612312390273
1455210192971408640 10.7354039409374842 -7.8399816422023889 4.9059973484641093 0.6913557284976924 0.0415758502489815 -0.6287915502327200 0.3534400821998429
1455210193172774656 10.7388451449656230 -7.8739760496667088 4.9079291748842220 0.6875414733654150 0.0308901494024961 -0.6257343699724225 0.3671362407984546
1455210193374120448 10.7414957259287576 -7.9086657870611816 4.9098055904535114 0.6818070561953433 0.0198474279134954 -0.6234550496543568 0.3821636021234123
1455210193575515392 10.7451344711071908 -7.9437139676693844 4.9133068583762807 0.6753007492198879 0.0120870294939979 -0.6226777863328968 0.3950888206829346
1455210193776852480 10.7464941297034642 -7.9793882501485376 4.9163575594515851 0.6676921775555411 0.0086314982595005 -0.6205164504625383 0.4111836426395252
1455210193978207232 10.7512712717214303 -8.0167960869648986 4.9199744662265621 0.6600185242988795 -0.0001293684690000 -0.6163612632198878 0.4295047427539216
1455210194179578368 10.7583040485250230 -8.0476551755805854 4.9234804199789313 0.6516200966905152 -0.0148651315755004 -0.6133728802245145 0.4460313747455104
1455210194381106432 10.7560420066420583 -8.0799285276228829 4.9280844807556523 0.6443469862716237 -0.0277685099415054 -0.6109930943186173 0.4590569788525882
1455210194582354432 10.7581066245330454 -8.1084145636132092 4.9338115978413741 0.6388933320720295 -0.0386111081730017 -0.6095109451500281 0.4677829628170218
1455210194783722752 10.7606086118659050 -8.1401366756315738 4.9392784188937133 0.6315234432519768 -0.0457350019019983 -0.6084155640769775 0.4784526639209826
1455210194985102592 10.7643542719124934 -8.1721766536130183 4.9464507185783297 0.6199942377871980 -0.0504646464900162 -0.6081013012861942 0.4932274038811575
1455210195186437120 10.7662978743623778 -8.2033879921058777 4.9555279530277483 0.6089188936302227 -0.0557730522064747 -0.6086754769852232 0.5055900625452698
1455210195387858176 10.7700369820521189 -8.2337579013985067 4.9632381033883055 0.5995732053945348 -0.0639643879745038 -0.6089973257285354 0.5153084374425301
1455210195589337600 10.7727933786256305 -8.2621489734603433 4.9686764684109335 0.5907666809270159 -0.0739915629270020 -0.6074755141380163 0.5258264704680143
1455210195790584064 10.7725625497892352 -8.2924982621746981 4.9739068324224700 0.5807620324051003 -0.0847523850170146 -0.6047372590271042 0.5383542908670926
1455210195991940864 10.7745797634043097 -8.3234154007688339 4.9796544174019184 0.5661526511650716 -0.0955046570360121 -0.6028432176140760 0.5540127173990701
1455210196193516288 10.7772589339648608 -8.3513351482172453 4.9849870916258787 0.5498787790591043 -0.1064876887770202 -0.5987204931111135 0.5725621988991085
1455210196394717696 10.7787875774170008 -8.3807594754115922 4.9883754209100353 0.5344718143760221 -0.1177793599320048 -0.5942317107320241 0.5893696429000240
1455210196596249856 10.7828173378018430 -8.4107918774872488 4.9912952931224117 0.5220390174961504 -0.1300610088240376 -0.5893506989771700 0.6026816338751737
1455210196797425152 10.7845131562031593 -8.4384565711329014 4.9954999703465557 0.5108140964359469 -0.1376344845049857 -0.5837367921369394 0.6159359261019360
1455210196998755584 10.7867135780290351 -8.4688336493041714 4.9997281028153306 0.4978206756824626 -0.1404241867174894 -0.5806257144794563 0.6287522583124527
1455210197200205824 10.7893282086976541 -8.4973481000061390 5.0038400181700782 0.4835279974098466 -0.1379470294469562 -0.5784159360908164 0.6423443762217961
1455210197401540352 10.7941118260288960 -8.5273219872464470 5.0129836420345217 0.4690482146376801 -0.1348703506575518 -0.5782336140107220 0.6537963356327510
1455210197602900736 10.8005088546051731 -8.5574704338107317 5.0217435786277482 0.4551780304871425 -0.1302371129000407 -0.5774388852521807 0.6651432844012085
1455210197804226304 10.8015929025509809 -8.5866743940988322 5.0242869070880634 0.4426124490305009 -0.1210048168345003 -0.5760918787155014 0.6764393554075012
1455210198005623552 10.8040400929854687 -8.6180274728679205 5.0322709306083038 0.4342838827794932 -0.1118299874514982 -0.5750783470284913 0.6842342127104892
1455210198207051008 10.8070644710706603 -8.6496049696573554 5.0391229189597873 0.4258321553032833 -0.0998904073306961 -0.5688169070432777 0.6965171988506724
1455210198408387328 10.8096701625089739 -8.6806190727752170 5.0439172995296806 0.4196227551631743 -0.0904900310066121 -0.5592042461911161 0.7092382594583534
1455210198609728000 10.8166411843931307 -8.7156215287715337 5.0478587458492603 0.4168113405349709 -0.0831803796378743 -0.5463214998839310 0.7217216566026765
1455210198811090944 10.8257796322849895 -8.7444457987349704 5.0497150227940644 0.4101350548819048 -0.0725301754169832 -0.5344069718798758 0.7354847373108295
1455210199012458496 10.8325188726884409 -8.7629770969775986 5.0685380377321056 0.4062346147790315 -0.0541547635851175 -0.5185197812070679 0.7504518211273432
1455210199213862144 10.8327897474665740 -8.8094934720036893 5.0542243451340862 0.3891116047991651 -0.0416179750739623 -0.5040538187011991 0.7699284713621779
1455210199415280896 10.8379112526398256 -8.8390560212987577 5.0533767607884794 0.3791835677231564 -0.0277994688968505 -0.4907216564201584 0.7839893286378633
1455210199616612096 10.8402132274331056 -8.8620878244960775 5.0666913857971183 0.3761178387013378 -0.0122423434426497 -0.4785957504823347 0.7933042317156245
1455210199817967360 10.8412026289065526 -8.8924090335399377 5.0639064020752089 0.3698125581451217 0.0027046689853483 -0.4697380323750600 0.8016093422261545
1455210200019363584 10.8491120936885732 -8.9283530802678381 5.0619519832712836 0.3691828643810032 0.0217125465539531 -0.4627922686760168 0.8056400523951660
1455210200220779776 10.8548260266785057 -8.9619926687942488 5.0545727170461303 0.3672790436567730 0.0402270102397080 -0.4608713554057918 0.8068986835434603
1455210200422091776 10.8578429477239329 -8.9915530863523063 5.0478118804649172 0.3641366449892943 0.0581182782382570 -0.4673098694363070 0.8035224050628477
1455210200623840768 10.8613689834845353 -9.0223653328113276 5.0398114499962539 0.3625561248504067 0.0764791194965198 -0.4761181848463618 0.7975057834731349
1455210200824852992 10.8645108121922238 -9.0545898678558938 5.0307865176850086 0.3634830740803690 0.0938962680823920 -0.4856268598303588 0.7894492375755326
1455210201026267136 10.8672538019159770 -9.0861642659374535 5.0233451115813654 0.3659145570442024 0.1100092806471308 -0.4889816803032370 0.7841564967801192
1455210201227614208 10.8753458170292348 -9.1149726463032490 5.0145847414588633 0.3744609508138708 0.1216959055099580 -0.4853434445238324 0.7806477078397304
1455210201429025024 10.8756581798256402 -9.1441224985685459 5.0073946768641546 0.3848712245499342 0.1346111647239770 -0.4757213400309188 0.7793864134588667
1455210201630300928 10.8804475171885944 -9.1866597572138247 4.9912850871850054 0.3919073147239959 0.1501290212579984 -0.4683297006719954 0.7775199194299921
1455210201831670528 10.8815695551946217 -9.2132393358539098 4.9891157522622214 0.4059088825540918 0.1767039573900399 -0.4569146654311035 0.7715197204351746
1455210202033002496 10.8926228705785206 -9.2477272635073202 4.9816526879799348 0.4199795259700693 0.1969509476050324 -0.4493502216920744 0.7634866732751261
1455210202234384640 10.8978328233094572 -9.2820645846496692 4.9710369787940820 0.4326487404411800 0.2125358880880884 -0.4479884959531862 0.7529607368003131
1455210202435756032 10.8973440587018295 -9.3101572678378339 4.9601618334299440 0.4517859591911548 0.2204113853700755 -0.4389721919451505 0.7447225543622553
1455210202637109248 10.8932199370408238 -9.3406906790892528 4.9499044197685054 0.4728416511100339 0.2249050014730162 -0.4213080589540303 0.7404985028670531
1455210202838508288 10.8917746923824428 -9.3688656014440426 4.9381429168236899 0.4921313444732675 0.2253767129693935 -0.4084830344143070 0.7349514865851527
1455210203039883264 10.8889208436143363 -9.3936708713408219 4.9269029968381224 0.5119760442332650 0.2233788364931155 -0.3969447422172054 0.7282975334053768
1455210203241241344 10.8839933033351013 -9.4196751974033806 4.9167100537704993 0.5268255353995004 0.2216637945705001 -0.3871728122565004 0.7234757984045006
1455210203442645760 10.8817325469897366 -9.4460815068086728 4.9067729497791923 0.5398355236256470 0.2168829103225591 -0.3764484039156026 0.7209896045236962
1455210203644008192 10.8784632349901269 -9.4719230417375844 4.8988807826947118 0.5526141521539566 0.2089400333629836 -0.3633787067709716 0.7203593386379435
1455210203845340928 10.8754290422664948 -9.4979173835339914 4.8914700948966257 0.5628462638169912 0.2006417374089969 -0.3499120367939944 0.7214627800679889
1455210204046700032 10.8749518096121438 -9.5232239922282300 4.8840017059887364 0.5723318347976665 0.1899776446545553 -0.3340439445585972 0.7244027943847106
1455210204248146432 10.8738603165149499 -9.5477662668626273 4.8764821655659158 0.5820466314155706 0.1764921638365214 -0.3154083541035383 0.7284159561155882
1455210204449463296 10.8748289630116535 -9.5715757008061644 4.8695760039997680 0.5924820548509980 0.1611485542279995 -0.2887120166089990 0.7346029741399974
1455210204650848768 10.8765862715403419 -9.5950669769959873 4.8619231403214398 0.6010927398021321 0.1479075895050326 -0.2567729157720565 0.7422119190971630
1455210204852278528 10.8809049532984137 -9.6169044400228287 4.8543135878513004 0.6107160952549988 0.1350932158299998 -0.2271496856219996 0.7464440329689985
1455210205053593088 10.8845976562847806 -9.6369478458169340 4.8440390009853571 0.6253641609646846 0.1174083776016970 -0.1934212662586953 0.7468086453762814
1455210205254973440 10.8885429921825541 -9.6550239706042191 4.8319564990698849 0.6435739543648890 0.0938816394709839 -0.1585568472939726 0.7428718120978719
1455210205456310528 10.8943919019347195 -9.6727955560112893 4.8195534680983103 0.6553056813626993 0.0709747282496106 -0.1228009816346188 0.7419278744145124
1455210205657701376 10.9007221735426345 -9.6918600268195743 4.8072963834010807 0.6623373209301361 0.0486160086647782 -0.0879790816948015 0.7424321101546830
1455210205859073536 10.9066954076472662 -9.7108196390889869 4.7976657142169703 0.6659590422135733 0.0376060102078984 -0.0616975864998976 0.7424808077723702
1455210206060445952 10.9113473727170760 -9.7319006585139878 4.7890697965257703 0.6668428421713004 0.0334047413096739 -0.0432556146546744 0.7431915627237585
1455210206261788160 10.9150922464397588 -9.7531238789917136 4.7804206224660257 0.6706781401851005 0.0267084124654807 -0.0290565587014811 0.7406977854549425
1455210206463199232 10.9172274181409588 -9.7714485139816318 4.7719499784776165 0.6779096187998455 0.0205491722914620 -0.0213472892214614 0.7345478701212598
1455210206664549376 10.9180886211646708 -9.7882975074212446 4.7643498069074610 0.6861014663686550 0.0155233765226034 -0.0191240144706044 0.7270887667256640
1455210206865880832 10.9180162999920860 -9.8031677819961036 4.7551668889209679 0.6962474868818924 0.0070368160414909 -0.0193320165014840 0.7175069291432897
1455210207067259648 10.9190963501149181 -9.8190552039078369 4.7475959115227910 0.7053215238474148 0.0070439961815001 -0.0167310716155004 0.7086550651466148
1455210207268628736 10.9201689858655957 -9.8327339433609566 4.7401341363791571 0.7153674118912731 0.0069601706617975 -0.0159870834298011 0.6985309121232566
1455210207470023424 10.9224559346835992 -9.8468449245458203 4.7357609491112491 0.7129873989232355 0.0013673527975609 -0.0089826599075578 0.7011179723441635
1455210207671419648 10.9232405047827061 -9.8588129568581735 4.7323421171042730 0.7102569424629916 -0.0022397519454566 -0.0069016034465457 0.7039051264653583
1455210207872754944 10.9235504415463485 -9.8696925054054265 4.7305789138972099 0.7063101272481097 -0.0018676836065808 -0.0063631412464224 0.7078714758613902
1455210208074081792 10.9227698587652498 -9.8785763625738330 4.7300221544512455 0.7012986429092419 -0.0005612149603852 -0.0070600535306154 0.7128324165858122
1455210208275482112 10.9214775261215173 -9.8849787215277800 4.7301757366849149 0.6969954936976229 0.0020755556387399 -0.0078347555017398 0.7170296998313426
1455210208476832256 10.9203709974238432 -9.8887213749526417 4.7293169970881124 0.6976541821274782 0.0074099634968986 -0.0087272835168985 0.7163431922782750
1455210208678215936 10.9193683450695715 -9.8903396045800385 4.7273851834803189 0.6993993109229840 0.0108753864729474 -0.0079292052929480 0.7146044063346806
1455210208880184832 10.9177999179081588 -9.8891117456845716 4.7246898314393562 0.7013317394884423 0.0106681416982880 -0.0063383939402910 0.7127270211666448
1455210209080977664 10.9154495498481303 -9.8879160380027962 4.7236543136241442 0.6983035255562685 0.0103671353285680 -0.0038589482685662 0.7157162966001439
1455210209282358272 10.9134543672453663 -9.8870692883523272 4.7249278274501538 0.6915858700496469 0.0135309836302470 -0.0031196039632456 0.7221607611195611
1455210209483718912 10.9116805075602095 -9.8872460067053218 4.7268984111889969 0.6857367549990313 0.0197655007467224 -0.0031131613287244 0.7275745570387758
1455210209685080064 10.9111084868760937 -9.8873494873666008 4.7297880185585974 0.6800665497600955 0.0266167455526999 -0.0019540492716999 0.7326644651168952
1455210209886443264 10.9117419374891824 -9.8891547686238344 4.7321353656760170 0.6771859604388587 0.0328412183807125 0.0030177584373012 0.7350724607096807
1455210210087853568 10.9194732022954248 -9.8913240784726870 4.7342366888373117 0.6771530974827195 0.0468119877015082 0.0211616161405036 0.7340466649875295
1455210210289241344 10.9376755940905817 -9.8906124098508155 4.7349640067176093 0.6760157995138841 0.0755540099631758 0.0660990082617788 0.7300172268466667
1455210210692167680 11.0053235503564792 -9.8845596996320779 4.7409162346953524 0.6673032261574500 0.1316517588853584 0.1879244185705650 0.7085609583142199
1455210210893304832 11.0475406581206546 -9.8753195120571036 4.7480855092293943 0.6623016067739430 0.1599897245545999 0.2486591044212723 0.6884246650796348
1455210211094677760 11.0957704248215574 -9.8625379574600363 4.7609175306406639 0.6506264358722013 0.1974217551412959 0.3118789141328225 0.6636576184001042
1455210211297263360 11.1431475803333733 -9.8489132120125333 4.7753809924504216 0.6348767933437194 0.2461025456846912 0.3681302727200371 0.6331232870367205
1455210211497428736 11.1886351600443561 -9.8268695798248320 4.7919088285352540 0.6125912486927311 0.2938872011795710 0.4157969549691174 0.6045454219877348
1455210211698774784 11.2369291634679502 -9.7930321348143430 4.8108361219819269 0.5788091119513044 0.3428074825204006 0.4618529587139530 0.5780613171432037
1455210211900151040 11.2733826803308972 -9.7690764019272169 4.8259700572378081 0.5450694865390380 0.3952661325343961 0.5075449896143525 0.5376448854334407
1455210212101535232 11.3045282310022870 -9.7227019099531677 4.8345339535442253 0.5094589211244173 0.4386672702191287 0.5470530219842110 0.4987540725279191
1455210212302874368 11.3312962207130159 -9.6811475009691002 4.8522160136530168 0.4660032697136338 0.4858396635817264 0.5865980058054908 0.4502261137384393
1455210212504271872 11.3430726298953637 -9.6340334241019914 4.8584226013910321 0.4323571385985611 0.5170787697549926 0.6214716529934317 0.3993367439857487
1455210212705639424 11.3521075661768975 -9.5902954354862509 4.8704056906576936 0.4032779290376732 0.5401374832730149 0.6531174966703496 0.3450448473135554
1455210212906976256 11.3479305691413224 -9.5482165031895150 4.8756985648895945 0.3788803477177217 0.5567443845656848 0.6775236453940597 0.2957145283881389
1455210213108333824 11.3373401116321215 -9.5176808799450736 4.8779923926655284 0.3567647557491574 0.5751387573071804 0.6919622301729527 0.2512420962189064
1455210213309726208 11.3198809782976184 -9.4947238389675164 4.8773690546725117 0.3268668750410081 0.5986972376371272 0.6988124527714413 0.2153620660612293
1455210213511121408 11.2946784760368732 -9.4732425071289192 4.8757122289329855 0.2908853614332041 0.6132498881701309 0.7108790696815690 0.1842857277486883
1455210213712470272 11.2673706796056319 -9.4499154050095786 4.8755366297184661 0.2565439727817721 0.6201191488899741 0.7255892364557728 0.1521765131314544
1455210213913846272 11.2377014276101121 -9.4328706505559001 4.8768335561394132 0.2303141256153619 0.6332811175933041 0.7286321396025002 0.1224974888725875
1455210214115247616 11.2126236929470853 -9.4268087346238865 4.8700892357105205 0.2097913912839530 0.6704552627428497 0.7032045446188422 0.1094562982699756
1455210214316586496 11.1902869971981787 -9.4183542904515676 4.8705457864098491 0.1894916791324504 0.6844111628926204 0.6963858054860171 0.1035426171444729
1455210214517975808 11.1704584941104290 -9.4020295884208611 4.8806522652173605 0.1684920864643021 0.6634264630472091 0.7230112037008098 0.0934373814417013
1455210214719499520 11.1450809055021320 -9.3877944917827669 4.8961212166177415 0.1480737257532191 0.6400800992684165 0.7495774453472939 0.0806553884667330
1455210214920697344 11.1412031724688223 -9.3595824248474528 4.9088004306159112 0.1263297949520299 0.6269226644067488 0.7658320992125816 0.0671561730310158
1455210215122066688 11.1188302550194784 -9.3545378566125024 4.8984836110970926 0.1174193263332984 0.6244757897085077 0.7702342397560684 0.0546068290487724
1455210215323454208 11.1053821720717032 -9.3438210637101982 4.8967160669325631 0.1100786533325244 0.6300037662606403 0.7675710515146706 0.0425749392785094
1455210215524847872 11.0940641168725502 -9.3309144293863984 4.8925627184748395 0.0997951771400030 0.6370638907957501 0.7635632752735905 0.0340829329319339
1455210215726188032 11.0807446561348488 -9.3231727181782027 4.8885267327131796 0.0898674637150124 0.6431688598304803 0.7598348498759312 0.0301439483779375
